0   1    70
0   30    126
1   2    362
2   3    362
3   4    362
3   14    49
4   5    357
4   14    27
5   6    353
5   10    16
6   7    300
6   31    300
7   8    313
7   9    500
8   9    407
8   10    16
8   31    313
9   31    500
10   11    16
10   13    16
11   12    157
11   13    16
12   13    16
15   16    70
15   30    126
16   17    362
17   18    362
18   19    362
18   29    49
19   20    357
19   29    27
20   21    353
20   25    16
21   22    300
22   23    313
22   24    500
23   24    407
23   25    16
25   26    16
25   28    16
26   27    157
26   28    16
27   28    16
