0   1    217.558
0   3    210.307
1   2    251.712
1   7    286.565
2   4    220.618
2   10    213.015
3   5    286.748
3   6    219.233
4   11    275.315
4   41    235.931
5   12    220.782
5   15    220.789
6   10    271.245
6   11    267.945
7   8    250.578
7   9    283.254
8   22    227.32
8   23    268.974
9   17    215.974
9   20    219.669
10   13    280.452
10   14    239.083
11   15    210.303
11   27    265.478
11   127    265.478
12   28    238.503
12   48    234.487
13   26    209.246
13   36    280.452
14   18    277.52
14   19    215.204
15   16    233.897
15   25    258.772
16   29    222.355
16   32    272.238
17   21    211.284
17   27    276.016
17   127    276.016
18   46    283.254
19   20    256.121
19   24    270.487
20   34    208.185
20   43    204.124
21   30    203.868
21   33    282.602
22   31    208.081
22   62    268.956
23   47    281.951
24   25    220.618
24   29    284.645
25   51    265.478
25   117    229.482
26   40    243.19
26   47    293.781
27   35    293.249
27   48    293.249
28   63    232.137
28   64    284.645
29   69    253.699
29   72    220.618
30   86    217.558
32   37    249.855
32   65    228.499
33   41    268.974
34   44    220.13
34   45    228.499
35   43    256.121
35   127    293.249
36   38    231.145
36   39    249.855
37   52    240.332
38   49    282.514
38   65    223.969
39   46    204.124
39   61    203.868
41   42    265.478
41   55    270.487
42   50    275.315
42   81    281.266
43   55    276.377
43   67    244.337
44   69    205.521
45   56    268.974
46   53    234.939
47   81    221.949
48   54    275.912
48   127    293.249
49   60    212.188
49   98    210.303
50   105    239.887
51   93    234.939
52   75    208.081
52   106    250.578
53   57    219.669
53   58    270.508
55   59    244.337
56   76    268.956
57   90    262.342
57   91    225.188
58   79    254.972
58   80    220.901
59   70    220.275
59   71    253.212
60   66    224.163
61   82    210.307
61   83    270.229
62   73    271.396
62   74    200.552
64   68    280.452
64   97    266.663
65   85    223.386
67   103    204.662
69   76    247.819
70   75    212.404
71   72    258.772
71   98    276.016
72   78    223.983
73   112    282.602
74   100    296.271
75   77    256.121
76   117    284.645
77   99    211.284
79   87    239.052
81   84    234.808
82   112    200.552
83   110    244.175
83   111    235.248
84   104    209.246
85   120    276.377
85   121    281.266
86   88    210.892
86   89    256.121
87   107    220.246
87   108    248.801
88   103    203.868
89   97    210.303
90   104    244.337
91   92    227.32
91   100    219.403
92   94    244.651
92   95    282.514
94   96    296.271
96   101    207.092
98   102    249.993
99   113    220.618
103   123    268.956
104   126    210.303
106   109    235.248
108   124    243.04
108   125    229.307
112   115    204.568
112   116    267.087
113   122    213.015
117   118    215.571
117   119    245.633
